#Comments Cs2AgBiBr6 thin films of 100 nm at room temperature		
"#Reference H. J. Jöbsis, V. M. Caselli, S. H. C. Askes, E. C. Garnett, T. J. Savenije, F. T. Rabouw, E. M. Hutter. Recombination and localization: Unfolding the pathways behind conductivity losses in Cs2AgBiBr6 thin films. Appl. Phys. Lett. 119, 131908 (2021) (Numerical data kindly provided by Huygen Jöbsis)"		
#https://refractiveindex.info/?shelf=other&book=Cs2AgBiBr6&page=Jobsis		
#wl (nm)	#n	#k
300.000000	2.083943	0.577623
302.000000	2.086580	0.577884
304.000000	2.089675	0.578237
306.000000	2.093251	0.578631
308.000000	2.097324	0.579007
310.000000	2.101906	0.579305
312.000000	2.106998	0.579459
314.000000	2.112596	0.579400
316.000000	2.118685	0.579057
318.000000	2.125242	0.578359
320.000000	2.132230	0.577236
322.000000	2.139603	0.575620
324.000000	2.147305	0.573449
326.000000	2.155270	0.570665
328.000000	2.163421	0.567219
330.000000	2.171671	0.563071
332.000000	2.179930	0.558194
334.000000	2.188098	0.552570
336.000000	2.196072	0.546195
338.000000	2.203748	0.539080
340.000000	2.211016	0.531245
342.000000	2.217769	0.522729
344.000000	2.223896	0.513579
346.000000	2.229285	0.503863
348.000000	2.233822	0.493663
350.000000	2.237387	0.483088
352.000000	2.239859	0.472280
354.000000	2.241123	0.461428
356.000000	2.241086	0.450780
358.000000	2.239704	0.440654
360.000000	2.237024	0.431435
362.000000	2.233230	0.423548
364.000000	2.228683	0.417406
366.000000	2.223940	0.413328
368.000000	2.219734	0.411436
370.000000	2.216889	0.411560
372.000000	2.216194	0.413181
374.000000	2.218229	0.415445
376.000000	2.223221	0.417259
378.000000	2.230946	0.417463
380.000000	2.240726	0.415034
382.000000	2.251527	0.409265
384.000000	2.262123	0.399879
386.000000	2.271284	0.387054
388.000000	2.277943	0.371370
390.000000	2.281319	0.353693
392.000000	2.280970	0.335044
394.000000	2.276795	0.316461
396.000000	2.268982	0.298892
398.000000	2.257934	0.283122
400.000000	2.244177	0.269741
402.000000	2.228277	0.259149
404.000000	2.210778	0.251591
406.000000	2.192155	0.247206
408.000000	2.172801	0.246092
410.000000	2.153040	0.248364
412.000000	2.133153	0.254208
414.000000	2.113444	0.263925
416.000000	2.094321	0.277959
418.000000	2.076405	0.296898
420.000000	2.060687	0.321430
422.000000	2.048709	0.352208
424.000000	2.042756	0.389564
426.000000	2.045934	0.433001
428.000000	2.061937	0.480429
430.000000	2.094046	0.527375
432.000000	2.143480	0.567040
434.000000	2.207601	0.591523
436.000000	2.279206	0.594686
438.000000	2.348368	0.575159
440.000000	2.406199	0.537128
442.000000	2.447924	0.488122
444.000000	2.473311	0.435678
446.000000	2.485028	0.385202
448.000000	2.486684	0.339590
450.000000	2.481593	0.299850
452.000000	2.472318	0.265898
454.000000	2.460661	0.237142
456.000000	2.447817	0.212836
458.000000	2.434541	0.192246
460.000000	2.421299	0.174722
462.000000	2.408363	0.159717
464.000000	2.395884	0.146782
466.000000	2.383936	0.135552
468.000000	2.372549	0.125735
470.000000	2.361721	0.117095
472.000000	2.351436	0.109439
474.000000	2.341669	0.102614
476.000000	2.332390	0.096494
478.000000	2.323567	0.090976
480.000000	2.315170	0.085975
482.000000	2.307168	0.081422
484.000000	2.299534	0.077258
486.000000	2.292240	0.073434
488.000000	2.285263	0.069909
490.000000	2.278579	0.066649
492.000000	2.272169	0.063623
494.000000	2.266013	0.060807
496.000000	2.260094	0.058178
498.000000	2.254397	0.055718
500.000000	2.248907	0.053411
502.000000	2.243612	0.051241
504.000000	2.238498	0.049198
506.000000	2.233555	0.047269
508.000000	2.228774	0.045446
510.000000	2.224144	0.043719
512.000000	2.219657	0.042081
514.000000	2.215306	0.040525
516.000000	2.211083	0.039045
518.000000	2.206982	0.037636
520.000000	2.202996	0.036293
522.000000	2.199120	0.035010
524.000000	2.195348	0.033786
526.000000	2.191675	0.032614
528.000000	2.188097	0.031493
530.000000	2.184610	0.030420
532.000000	2.181209	0.029390
534.000000	2.177891	0.028403
536.000000	2.174652	0.027455
538.000000	2.171489	0.026545
540.000000	2.168399	0.025670
542.000000	2.165380	0.024829
544.000000	2.162427	0.024019
546.000000	2.159539	0.023240
548.000000	2.156713	0.022490
550.000000	2.153948	0.021767
552.000000	2.151241	0.021070
554.000000	2.148589	0.020399
556.000000	2.145991	0.019751
558.000000	2.143445	0.019126
560.000000	2.140950	0.018523
562.000000	2.138503	0.017940
564.000000	2.136104	0.017378
566.000000	2.133750	0.016835
568.000000	2.131440	0.016311
570.000000	2.129174	0.015804
572.000000	2.126948	0.015314
574.000000	2.124764	0.014841
576.000000	2.122618	0.014384
578.000000	2.120511	0.013942
580.000000	2.118440	0.013514
582.000000	2.116405	0.013101
584.000000	2.114406	0.012701
586.000000	2.112440	0.012314
588.000000	2.110508	0.011941
590.000000	2.108608	0.011579
592.000000	2.106739	0.011229
594.000000	2.104901	0.010891
596.000000	2.103093	0.010564
598.000000	2.101314	0.010248
600.000000	2.099563	0.009942
602.000000	2.097840	0.009647
604.000000	2.096144	0.009361
606.000000	2.094475	0.009085
608.000000	2.092831	0.008818
610.000000	2.091213	0.008560
612.000000	2.089620	0.008310
614.000000	2.088050	0.008069
616.000000	2.086504	0.007837
618.000000	2.084981	0.007612
620.000000	2.083481	0.007395
622.000000	2.082003	0.007185
624.000000	2.080547	0.006983
626.000000	2.079112	0.006788
628.000000	2.077698	0.006600
630.000000	2.076304	0.006419
632.000000	2.074930	0.006245
634.000000	2.073576	0.006076
636.000000	2.072241	0.005915
638.000000	2.070924	0.005759
640.000000	2.069627	0.005609
642.000000	2.068347	0.005465
644.000000	2.067086	0.005326
646.000000	2.065842	0.005194
648.000000	2.064615	0.005066
650.000000	2.063405	0.004944
652.000000	2.062212	0.004827
654.000000	2.061035	0.004715
656.000000	2.059874	0.004608
658.000000	2.058729	0.004505
660.000000	2.057600	0.004408
662.000000	2.056486	0.004315
664.000000	2.055388	0.004226
666.000000	2.054304	0.004142
668.000000	2.053235	0.004062
670.000000	2.052181	0.003986
672.000000	2.051141	0.003915
674.000000	2.050115	0.003847
676.000000	2.049103	0.003784
678.000000	2.048106	0.003724
680.000000	2.047122	0.003668
682.000000	2.046152	0.003616
684.000000	2.045195	0.003567
686.000000	2.044252	0.003522
688.000000	2.043323	0.003480
690.000000	2.042408	0.003442
692.000000	2.041507	0.003407
694.000000	2.040621	0.003373
696.000000	2.039748	0.003339
698.000000	2.038888	0.003307
700.000000	2.038039	0.003275
702.000000	2.037203	0.003243
704.000000	2.036378	0.003212
706.000000	2.035564	0.003182
708.000000	2.034761	0.003152
710.000000	2.033968	0.003123
712.000000	2.033185	0.003095
714.000000	2.032413	0.003066
716.000000	2.031650	0.003039
718.000000	2.030897	0.003012
720.000000	2.030153	0.002985
722.000000	2.029418	0.002959
724.000000	2.028692	0.002933
726.000000	2.027975	0.002908
728.000000	2.027267	0.002883
730.000000	2.026567	0.002859
732.000000	2.025875	0.002834
734.000000	2.025192	0.002811
736.000000	2.024516	0.002788
738.000000	2.023848	0.002765
740.000000	2.023188	0.002742
742.000000	2.022536	0.002720
744.000000	2.021891	0.002698
746.000000	2.021253	0.002677
748.000000	2.020622	0.002656
750.000000	2.019999	0.002635
752.000000	2.019382	0.002615
754.000000	2.018772	0.002595
756.000000	2.018169	0.002575
758.000000	2.017572	0.002555
760.000000	2.016982	0.002536
762.000000	2.016398	0.002517
764.000000	2.015820	0.002499
766.000000	2.015249	0.002480
768.000000	2.014683	0.002462
770.000000	2.014124	0.002444
772.000000	2.013571	0.002427
774.000000	2.013023	0.002410
776.000000	2.012481	0.002393
778.000000	2.011944	0.002376
780.000000	2.011413	0.002359
782.000000	2.010888	0.002343
784.000000	2.010367	0.002327
786.000000	2.009852	0.002311
788.000000	2.009343	0.002295
790.000000	2.008838	0.002280
792.000000	2.008338	0.002265
794.000000	2.007844	0.002250
796.000000	2.007354	0.002235
798.000000	2.006869	0.002220
800.000000	2.006389	0.002206
802.000000	2.005913	0.002192
804.000000	2.005442	0.002178
806.000000	2.004976	0.002164
808.000000	2.004514	0.002150
810.000000	2.004057	0.002136
812.000000	2.003603	0.002123
814.000000	2.003155	0.002110
816.000000	2.002710	0.002097
818.000000	2.002270	0.002084
820.000000	2.001833	0.002072
822.000000	2.001401	0.002059
824.000000	2.000973	0.002047
826.000000	2.000549	0.002034
828.000000	2.000129	0.002022
830.000000	1.999712	0.002011
832.000000	1.999299	0.001999
834.000000	1.998891	0.001987
836.000000	1.998485	0.001976
838.000000	1.998084	0.001964
840.000000	1.997686	0.001953
842.000000	1.997291	0.001942
844.000000	1.996901	0.001931
846.000000	1.996513	0.001920
848.000000	1.996129	0.001910
850.000000	1.995749	0.001899
852.000000	1.995371	0.001889
854.000000	1.994998	0.001878
856.000000	1.994627	0.001868
858.000000	1.994259	0.001858
860.000000	1.993895	0.001848
862.000000	1.993534	0.001838
864.000000	1.993176	0.001828
866.000000	1.992821	0.001819
868.000000	1.992469	0.001809
870.000000	1.992120	0.001800
872.000000	1.991774	0.001791
874.000000	1.991431	0.001781
876.000000	1.991091	0.001772
878.000000	1.990754	0.001763
880.000000	1.990419	0.001754
882.000000	1.990087	0.001745
884.000000	1.989758	0.001737
886.000000	1.989432	0.001728
888.000000	1.989108	0.001719
890.000000	1.988787	0.001711
892.000000	1.988469	0.001703
894.000000	1.988153	0.001694
896.000000	1.987840	0.001686
898.000000	1.987530	0.001678
900.000000	1.987221	0.001670
902.000000	1.986916	0.001662
904.000000	1.986612	0.001654
906.000000	1.986312	0.001646
908.000000	1.986013	0.001638
910.000000	1.985717	0.001631
912.000000	1.985423	0.001623
914.000000	1.985132	0.001616
916.000000	1.984843	0.001608
918.000000	1.984556	0.001601
920.000000	1.984272	0.001594
922.000000	1.983989	0.001586
924.000000	1.983709	0.001579
926.000000	1.983431	0.001572
928.000000	1.983155	0.001565
930.000000	1.982881	0.001558
932.000000	1.982609	0.001551
934.000000	1.982340	0.001544
936.000000	1.982072	0.001538
938.000000	1.981807	0.001531
940.000000	1.981543	0.001524
942.000000	1.981282	0.001518
944.000000	1.981022	0.001511
946.000000	1.980764	0.001505
948.000000	1.980509	0.001498
950.000000	1.980255	0.001492
952.000000	1.980003	0.001486
954.000000	1.979753	0.001480
956.000000	1.979505	0.001473
958.000000	1.979258	0.001467
960.000000	1.979014	0.001461
962.000000	1.978771	0.001455
964.000000	1.978530	0.001449
966.000000	1.978291	0.001443
968.000000	1.978053	0.001437
970.000000	1.977817	0.001432
972.000000	1.977583	0.001426
974.000000	1.977351	0.001420
976.000000	1.977120	0.001415
978.000000	1.976891	0.001409
980.000000	1.976663	0.001403
982.000000	1.976437	0.001398
984.000000	1.976213	0.001392
986.000000	1.975991	0.001387
988.000000	1.975769	0.001382
990.000000	1.975550	0.001376
992.000000	1.975332	0.001371
994.000000	1.975115	0.001366
996.000000	1.974900	0.001361
998.000000	1.974687	0.001355
1000.000000	1.974475	0.001350
1002.000000	1.974264	0.001345
1004.000000	1.974055	0.001340
1006.000000	1.973848	0.001335
1008.000000	1.973641	0.001330
1010.000000	1.973436	0.001325
1012.000000	1.973233	0.001320
1014.000000	1.973031	0.001316
1016.000000	1.972830	0.001311
1018.000000	1.972631	0.001306
1020.000000	1.972433	0.001301
1022.000000	1.972236	0.001297
1024.000000	1.972041	0.001292
1026.000000	1.971847	0.001287
1028.000000	1.971654	0.001283
1030.000000	1.971463	0.001278
1032.000000	1.971273	0.001274
1034.000000	1.971084	0.001269
1036.000000	1.970896	0.001265
1038.000000	1.970710	0.001260
1040.000000	1.970525	0.001256
1042.000000	1.970341	0.001252
1044.000000	1.970158	0.001247
1046.000000	1.969976	0.001243
1048.000000	1.969796	0.001239
1050.000000	1.969617	0.001235
1052.000000	1.969439	0.001230
1054.000000	1.969262	0.001226
1056.000000	1.969086	0.001222
1058.000000	1.968911	0.001218
1060.000000	1.968738	0.001214
1062.000000	1.968565	0.001210
1064.000000	1.968394	0.001206
1066.000000	1.968224	0.001202
1068.000000	1.968055	0.001198
1070.000000	1.967887	0.001194
1072.000000	1.967720	0.001190
1074.000000	1.967554	0.001186
1076.000000	1.967389	0.001182
1078.000000	1.967225	0.001179
1080.000000	1.967062	0.001175
1082.000000	1.966900	0.001171
1084.000000	1.966739	0.001167
1086.000000	1.966580	0.001164
1088.000000	1.966421	0.001160
1090.000000	1.966263	0.001156
1092.000000	1.966106	0.001153
1094.000000	1.965950	0.001149
1096.000000	1.965795	0.001145
1098.000000	1.965641	0.001142
1100.000000	1.965488	0.001138
1102.000000	1.965336	0.001135
1104.000000	1.965185	0.001131
1106.000000	1.965034	0.001128
1108.000000	1.964885	0.001124
1110.000000	1.964737	0.001121
1112.000000	1.964589	0.001118
1114.000000	1.964442	0.001114
1116.000000	1.964297	0.001111
1118.000000	1.964152	0.001107
1120.000000	1.964008	0.001104
1122.000000	1.963864	0.001101
1124.000000	1.963722	0.001098
1126.000000	1.963580	0.001094
1128.000000	1.963440	0.001091
1130.000000	1.963300	0.001088
1132.000000	1.963161	0.001085
1134.000000	1.963023	0.001082
1136.000000	1.962885	0.001078
1138.000000	1.962749	0.001075
1140.000000	1.962613	0.001072
1142.000000	1.962478	0.001069
1144.000000	1.962344	0.001066
1146.000000	1.962210	0.001063
1148.000000	1.962078	0.001060
1150.000000	1.961946	0.001057
1152.000000	1.961815	0.001054
1154.000000	1.961684	0.001051
1156.000000	1.961555	0.001048
1158.000000	1.961426	0.001045
1160.000000	1.961298	0.001042
1162.000000	1.961170	0.001039
1164.000000	1.961044	0.001036
1166.000000	1.960918	0.001033
1168.000000	1.960793	0.001031
1170.000000	1.960668	0.001028
1172.000000	1.960544	0.001025
1174.000000	1.960421	0.001022
1176.000000	1.960299	0.001019
1178.000000	1.960177	0.001017
1180.000000	1.960056	0.001014
1182.000000	1.959935	0.001011
1184.000000	1.959816	0.001008
1186.000000	1.959697	0.001006
1188.000000	1.959578	0.001003
1190.000000	1.959460	0.001000
1192.000000	1.959343	0.000998
1194.000000	1.959227	0.000995
1196.000000	1.959111	0.000992
1198.000000	1.958996	0.000990
1200.000000	1.958881	0.000987
1202.000000	1.958768	0.000985
1204.000000	1.958654	0.000982
1206.000000	1.958542	0.000979
1208.000000	1.958430	0.000977
1210.000000	1.958318	0.000974
1212.000000	1.958207	0.000972
1214.000000	1.958097	0.000969
1216.000000	1.957987	0.000967
1218.000000	1.957878	0.000964
1220.000000	1.957770	0.000962
1222.000000	1.957662	0.000960
1224.000000	1.957555	0.000957
1226.000000	1.957448	0.000955
1228.000000	1.957342	0.000952
1230.000000	1.957236	0.000950
1232.000000	1.957131	0.000948
1234.000000	1.957027	0.000945
1236.000000	1.956923	0.000943
1238.000000	1.956820	0.000940
1240.000000	1.956717	0.000938
1242.000000	1.956614	0.000936
1244.000000	1.956513	0.000934
1246.000000	1.956411	0.000931
1248.000000	1.956311	0.000929
1250.000000	1.956211	0.000927
1252.000000	1.956111	0.000924
1254.000000	1.956012	0.000922
1256.000000	1.955913	0.000920
1258.000000	1.955815	0.000918
1260.000000	1.955718	0.000916
1262.000000	1.955621	0.000913
1264.000000	1.955524	0.000911
1266.000000	1.955428	0.000909
1268.000000	1.955332	0.000907
1270.000000	1.955237	0.000905
1272.000000	1.955142	0.000903
1274.000000	1.955048	0.000900
1276.000000	1.954955	0.000898
1278.000000	1.954862	0.000896
1280.000000	1.954769	0.000894
1282.000000	1.954677	0.000892
1284.000000	1.954585	0.000890
1286.000000	1.954494	0.000888
1288.000000	1.954403	0.000886
1290.000000	1.954312	0.000884
1292.000000	1.954222	0.000882
1294.000000	1.954133	0.000880
1296.000000	1.954044	0.000878
1298.000000	1.953955	0.000876
1300.000000	1.953867	0.000874
1302.000000	1.953780	0.000872
1304.000000	1.953692	0.000870
1306.000000	1.953605	0.000868
1308.000000	1.953519	0.000866
1310.000000	1.953433	0.000864
1312.000000	1.953348	0.000862
1314.000000	1.953262	0.000860
1316.000000	1.953178	0.000858
1318.000000	1.953093	0.000856
1320.000000	1.953009	0.000854
1322.000000	1.952926	0.000852
1324.000000	1.952843	0.000851
1326.000000	1.952760	0.000849
1328.000000	1.952678	0.000847
1330.000000	1.952596	0.000845
1332.000000	1.952515	0.000843
1334.000000	1.952434	0.000841
1336.000000	1.952353	0.000839
1338.000000	1.952273	0.000838
1340.000000	1.952193	0.000836
1342.000000	1.952113	0.000834
1344.000000	1.952034	0.000832
1346.000000	1.951955	0.000830
1348.000000	1.951877	0.000829
1350.000000	1.951799	0.000827
1352.000000	1.951721	0.000825
1354.000000	1.951644	0.000823
1356.000000	1.951567	0.000822
1358.000000	1.951491	0.000820
1360.000000	1.951414	0.000818
1362.000000	1.951339	0.000816
1364.000000	1.951263	0.000815
1366.000000	1.951188	0.000813
1368.000000	1.951113	0.000811
1370.000000	1.951039	0.000810
1372.000000	1.950965	0.000808
1374.000000	1.950891	0.000806
1376.000000	1.950818	0.000805
1378.000000	1.950745	0.000803
1380.000000	1.950672	0.000801
1382.000000	1.950600	0.000800
1384.000000	1.950528	0.000798
1386.000000	1.950456	0.000796
1388.000000	1.950385	0.000795
1390.000000	1.950314	0.000793
1392.000000	1.950243	0.000792
1394.000000	1.950173	0.000790
1396.000000	1.950103	0.000788
1398.000000	1.950033	0.000787
1400.000000	1.949964	0.000785
1402.000000	1.949895	0.000784
1404.000000	1.949826	0.000782
1406.000000	1.949757	0.000781
1408.000000	1.949689	0.000779
1410.000000	1.949621	0.000777
1412.000000	1.949554	0.000776
1414.000000	1.949487	0.000774
1416.000000	1.949420	0.000773
1418.000000	1.949353	0.000771
1420.000000	1.949287	0.000770
1422.000000	1.949221	0.000768
1424.000000	1.949155	0.000767
1426.000000	1.949090	0.000765
1428.000000	1.949025	0.000764
1430.000000	1.948960	0.000762
1432.000000	1.948895	0.000761
1434.000000	1.948831	0.000759
1436.000000	1.948767	0.000758
1438.000000	1.948703	0.000756
1440.000000	1.948640	0.000755
1442.000000	1.948577	0.000754
1444.000000	1.948514	0.000752
1446.000000	1.948451	0.000751
1448.000000	1.948389	0.000749
1450.000000	1.948327	0.000748
1452.000000	1.948265	0.000746
1454.000000	1.948204	0.000745
1456.000000	1.948143	0.000744
1458.000000	1.948082	0.000742
1460.000000	1.948021	0.000741
1462.000000	1.947961	0.000739
1464.000000	1.947901	0.000738
1466.000000	1.947841	0.000737
1468.000000	1.947781	0.000735
1470.000000	1.947722	0.000734
1472.000000	1.947662	0.000733
1474.000000	1.947604	0.000731
1476.000000	1.947545	0.000730
1478.000000	1.947487	0.000729
1480.000000	1.947429	0.000727
1482.000000	1.947371	0.000726
1484.000000	1.947313	0.000725
1486.000000	1.947256	0.000723
1488.000000	1.947199	0.000722
1490.000000	1.947142	0.000721
1492.000000	1.947085	0.000719
1494.000000	1.947029	0.000718
1496.000000	1.946973	0.000717
1498.000000	1.946917	0.000715
1500.000000	1.946861	0.000714
1502.000000	1.946806	0.000713
1504.000000	1.946750	0.000712
1506.000000	1.946695	0.000710
1508.000000	1.946641	0.000709
1510.000000	1.946586	0.000708
1512.000000	1.946532	0.000706
1514.000000	1.946478	0.000705
1516.000000	1.946424	0.000704
1518.000000	1.946370	0.000703
1520.000000	1.946317	0.000702
1522.000000	1.946264	0.000700
1524.000000	1.946211	0.000699
1526.000000	1.946158	0.000698
1528.000000	1.946106	0.000697
1530.000000	1.946054	0.000695
1532.000000	1.946001	0.000694
1534.000000	1.945950	0.000693
1536.000000	1.945898	0.000692
1538.000000	1.945847	0.000691
1540.000000	1.945795	0.000689
1542.000000	1.945744	0.000688
1544.000000	1.945693	0.000687
1546.000000	1.945643	0.000686
1548.000000	1.945593	0.000685
1550.000000	1.945542	0.000683
1552.000000	1.945492	0.000682
1554.000000	1.945443	0.000681
1556.000000	1.945393	0.000680
1558.000000	1.945344	0.000679
1560.000000	1.945295	0.000678
1562.000000	1.945246	0.000677
1564.000000	1.945197	0.000675
1566.000000	1.945148	0.000674
1568.000000	1.945100	0.000673
1570.000000	1.945052	0.000672
1572.000000	1.945004	0.000671
1574.000000	1.944956	0.000670
1576.000000	1.944908	0.000669
1578.000000	1.944861	0.000668
1580.000000	1.944814	0.000666
1582.000000	1.944767	0.000665
1584.000000	1.944720	0.000664
1586.000000	1.944673	0.000663
1588.000000	1.944627	0.000662
1590.000000	1.944580	0.000661
1592.000000	1.944534	0.000660
1594.000000	1.944488	0.000659
1596.000000	1.944443	0.000658
1598.000000	1.944397	0.000657
1600.000000	1.944352	0.000656
1602.000000	1.944306	0.000654
1604.000000	1.944262	0.000653
1606.000000	1.944217	0.000652
1608.000000	1.944172	0.000651
1610.000000	1.944127	0.000650
1612.000000	1.944083	0.000649
1614.000000	1.944039	0.000648
1616.000000	1.943995	0.000647
1618.000000	1.943951	0.000646
1620.000000	1.943908	0.000645
1622.000000	1.943864	0.000644
1624.000000	1.943821	0.000643
1626.000000	1.943778	0.000642
1628.000000	1.943735	0.000641
1630.000000	1.943692	0.000640
1632.000000	1.943649	0.000639
1634.000000	1.943607	0.000638
1636.000000	1.943565	0.000637
1638.000000	1.943522	0.000636
1640.000000	1.943480	0.000635
1642.000000	1.943439	0.000634
1644.000000	1.943397	0.000633
1646.000000	1.943355	0.000632
1648.000000	1.943314	0.000631
1650.000000	1.943273	0.000630
1652.000000	1.943232	0.000629
1654.000000	1.943191	0.000628
1656.000000	1.943150	0.000627
1658.000000	1.943110	0.000626
1660.000000	1.943069	0.000625
1662.000000	1.943029	0.000624
1664.000000	1.942989	0.000623
1666.000000	1.942949	0.000622
1668.000000	1.942909	0.000621
1670.000000	1.942869	0.000620
1672.000000	1.942830	0.000619
1674.000000	1.942791	0.000618
1676.000000	1.942751	0.000618
1678.000000	1.942712	0.000617
1680.000000	1.942673	0.000616
1682.000000	1.942635	0.000615
1684.000000	1.942596	0.000614
1686.000000	1.942557	0.000613
1688.000000	1.942519	0.000612
1690.000000	1.942481	0.000611
1692.000000	1.942443	0.000610
1694.000000	1.942405	0.000609
1696.000000	1.942367	0.000608
1698.000000	1.942329	0.000607
