# MgF2 (Magnesium Fluoride) optical constants
# Source: Rodriguez-de Marcos et al. from refractiveindex.info
# Wavelength range: 30-2000 nm (converted from micrometers)
# Format: wavelength(nm)  n  k
#
# wl(nm)	n	k
30.0	0.925222	0.121265
30.1	0.924148	0.121903
30.3	0.922739	0.122539
30.4	0.921308	0.124188
30.5	0.920206	0.125917
30.7	0.919301	0.127636
30.8	0.918523	0.129346
30.9	0.917841	0.131045
31.1	0.917236	0.132734
31.2	0.916696	0.134413
31.3	0.916211	0.136081
31.5	0.915775	0.137738
31.6	0.915383	0.139383
31.7	0.915031	0.141018
31.9	0.914714	0.142641
32.0	0.914430	0.144252
32.2	0.914176	0.145852
32.3	0.913950	0.147439
32.5	0.913749	0.149015
32.6	0.913572	0.150578
32.7	0.913417	0.152128
32.9	0.913282	0.153666
33.0	0.913166	0.155192
33.2	0.913068	0.156705
33.3	0.912986	0.158205
33.5	0.912919	0.159691
33.6	0.912866	0.161165
33.8	0.912826	0.162626
33.9	0.912798	0.164073
34.1	0.912780	0.165507
34.2	0.912773	0.166928
34.4	0.912774	0.168335
34.5	0.912782	0.169729
34.7	0.912798	0.171108
34.8	0.912820	0.172474
35.0	0.912848	0.173826
35.1	0.912879	0.175164
35.3	0.912914	0.176488
35.4	0.912952	0.177797
35.6	0.912992	0.179092
35.7	0.913032	0.180373
35.9	0.913073	0.181638
36.0	0.913113	0.182890
36.2	0.913151	0.184126
36.4	0.913187	0.185347
36.5	0.913220	0.186552
36.7	0.913249	0.187742
36.8	0.913273	0.188917
37.0	0.913290	0.190076
37.2	0.913301	0.191218
37.3	0.913304	0.192344
37.5	0.913298	0.193454
37.7	0.913282	0.194547
37.8	0.913256	0.195622
38.0	0.913217	0.196680
38.2	0.913165	0.197720
38.3	0.913099	0.198742
38.5	0.913018	0.199746
38.7	0.912919	0.200730
38.8	0.912803	0.201694
39.0	0.912667	0.202638
39.2	0.912509	0.203561
39.4	0.912329	0.204462
39.5	0.912124	0.205341
39.7	0.911892	0.206197
39.9	0.911631	0.207028
40.0	0.911338	0.207833
40.2	0.911008	0.208611
40.4	0.910638	0.209358
40.6	0.910215	0.210073
40.8	0.909729	0.210773
40.9	0.909201	0.211506
41.1	0.908650	0.212223
41.3	0.908066	0.212913
41.5	0.907445	0.213575
41.7	0.906781	0.214204
41.8	0.906068	0.214797
42.0	0.905303	0.215351
42.2	0.904480	0.215863
42.4	0.903592	0.216329
42.6	0.902633	0.216745
42.8	0.901596	0.217104
42.9	0.900471	0.217403
43.1	0.899248	0.217633
43.3	0.897915	0.217786
43.5	0.896456	0.217852
43.7	0.894851	0.217816
43.9	0.893073	0.217661
44.1	0.891080	0.217359
44.3	0.888807	0.216870
44.5	0.886119	0.216115
44.7	0.882553	0.214887
44.9	0.878348	0.215072
45.1	0.874226	0.215889
45.3	0.870237	0.216823
45.5	0.866251	0.217699
45.7	0.862125	0.218403
45.9	0.857640	0.218791
46.1	0.852194	0.218540
46.3	0.845459	0.219177
46.5	0.838358	0.222152
46.7	0.831821	0.226280
46.9	0.825903	0.230786
47.1	0.820443	0.235449
47.3	0.815318	0.240155
47.5	0.810427	0.244826
47.7	0.805680	0.249392
47.9	0.800983	0.253783
48.1	0.796222	0.257913
48.3	0.791246	0.261662
48.6	0.785807	0.264841
48.8	0.779386	0.267079
49.0	0.770125	0.267319
49.2	0.757826	0.271658
49.4	0.745432	0.281446
49.6	0.734677	0.293601
49.9	0.725503	0.306861
50.1	0.717622	0.320765
50.3	0.710787	0.335065
50.5	0.704736	0.349557
50.7	0.698967	0.363928
51.0	0.692190	0.378138
51.2	0.686577	0.399372
51.4	0.685944	0.422188
51.6	0.686235	0.436463
51.9	0.683942	0.453521
52.1	0.684162	0.478656
52.3	0.689812	0.502338
52.5	0.697947	0.521008
52.8	0.706307	0.537604
53.0	0.714735	0.553337
53.2	0.723456	0.568700
53.5	0.732930	0.584091
53.7	0.743658	0.598995
53.9	0.755311	0.611902
54.2	0.767008	0.622974
54.4	0.778405	0.633135
54.7	0.789569	0.642653
54.9	0.800562	0.651655
55.1	0.811426	0.660221
55.4	0.822196	0.668406
55.6	0.832896	0.676253
55.9	0.843548	0.683795
56.1	0.854171	0.691059
56.4	0.864781	0.698066
56.6	0.875395	0.704838
56.9	0.886026	0.711389
57.1	0.896693	0.717734
57.4	0.907414	0.723883
57.6	0.918197	0.729824
57.9	0.929049	0.735579
58.1	0.939987	0.741165
58.4	0.951033	0.746594
58.6	0.962218	0.751876
58.9	0.973578	0.757024
59.1	0.985170	0.762054
59.4	0.997087	0.766991
59.7	1.009527	0.771885
59.9	1.022967	0.776710
60.2	1.037218	0.779506
60.4	1.050956	0.779711
60.7	1.063504	0.779183
61.0	1.074883	0.778053
61.2	1.084463	0.776296
61.5	1.093150	0.777796
61.8	1.102642	0.780571
62.1	1.113048	0.783446
62.3	1.124223	0.786333
62.6	1.136286	0.789214
62.9	1.149873	0.792139
63.2	1.163911	0.791198
63.4	1.176999	0.789496
63.7	1.189466	0.787433
64.0	1.201496	0.785068
64.3	1.213175	0.782429
64.6	1.224552	0.779538
64.8	1.235659	0.776409
65.1	1.246522	0.773056
65.4	1.257165	0.769487
65.7	1.267616	0.765712
66.0	1.277927	0.761735
66.3	1.288129	0.757436
66.6	1.298106	0.752602
66.9	1.307786	0.747501
67.1	1.317297	0.742172
67.4	1.326540	0.736102
67.7	1.335435	0.729683
68.0	1.343809	0.722219
68.3	1.351110	0.713819
68.7	1.357095	0.705249
69.0	1.361815	0.696783
69.2	1.365223	0.688490
69.5	1.367051	0.680494
69.8	1.366656	0.673261
70.2	1.365613	0.671523
70.5	1.366384	0.672269
70.8	1.368730	0.672676
71.1	1.371698	0.672939
71.4	1.374723	0.673201
71.7	1.376843	0.673776
72.0	1.380593	0.681587
72.3	1.390648	0.691890
72.7	1.404711	0.693496
73.0	1.417600	0.689920
73.3	1.428864	0.686483
73.6	1.439793	0.682902
73.9	1.450948	0.678979
74.3	1.462661	0.674005
74.6	1.474084	0.665948
74.9	1.483691	0.655694
75.2	1.491426	0.645833
75.6	1.497995	0.636216
75.9	1.503640	0.626804
76.2	1.508482	0.617591
76.6	1.512582	0.608593
76.9	1.515960	0.599843
77.3	1.518591	0.591411
77.6	1.520463	0.583570
77.9	1.521958	0.577077
78.3	1.523838	0.571832
78.6	1.526195	0.566353
79.0	1.528649	0.560782
79.3	1.531088	0.555171
79.7	1.533458	0.549546
80.0	1.535733	0.543925
80.4	1.537895	0.538318
80.7	1.539937	0.532735
81.1	1.541852	0.527179
81.4	1.543639	0.521653
81.8	1.545303	0.516154
82.1	1.546854	0.510664
82.5	1.548272	0.505085
82.9	1.549378	0.499208
83.2	1.549932	0.493281
83.6	1.550008	0.487919
84.0	1.550052	0.483356
84.3	1.550201	0.478763
84.7	1.550279	0.474220
85.1	1.550241	0.469755
85.4	1.550070	0.465379
85.8	1.549761	0.461091
86.2	1.549318	0.456861
86.6	1.548716	0.452539
87.0	1.547536	0.447532
87.3	1.545100	0.442340
87.7	1.541323	0.438345
88.1	1.536346	0.435819
88.5	1.530100	0.436086
88.9	1.526843	0.446266
89.3	1.533004	0.459205
89.7	1.542282	0.453815
90.1	1.544354	0.442449
90.4	1.539810	0.437260
90.8	1.537663	0.446421
91.2	1.542344	0.452922
91.6	1.550929	0.455904
92.0	1.561941	0.453592
92.5	1.570120	0.439965
92.9	1.572935	0.427591
93.3	1.572951	0.415678
93.7	1.569040	0.401269
94.1	1.560470	0.390121
94.5	1.548921	0.383402
94.9	1.536161	0.382669
95.3	1.527699	0.392156
95.7	1.524122	0.395446
96.2	1.520482	0.395566
96.6	1.516092	0.394990
97.0	1.509704	0.390313
97.4	1.493412	0.377165
97.9	1.468672	0.384131
98.3	1.451511	0.411995
98.7	1.443294	0.430270
99.2	1.430197	0.438304
99.6	1.410291	0.461196
100.0	1.394670	0.504175
100.5	1.394182	0.561164
100.9	1.406965	0.608032
101.4	1.426614	0.653320
101.8	1.450337	0.693004
102.2	1.478988	0.740010
102.7	1.518661	0.791328
103.1	1.569325	0.838845
103.6	1.637783	0.898753
104.1	1.741224	0.958900
104.5	1.880297	0.972986
105.0	2.014147	0.887666
105.4	2.097264	0.750410
105.9	2.121767	0.616078
106.4	2.111039	0.530400
106.8	2.101072	0.492356
107.3	2.106338	0.459934
107.8	2.123857	0.423267
108.2	2.142700	0.358978
108.7	2.141217	0.267565
109.2	2.106695	0.178498
109.7	2.052598	0.131735
110.2	2.006438	0.124047
110.6	1.974922	0.116392
111.1	1.950236	0.108771
111.6	1.929626	0.101183
112.1	1.911703	0.093629
112.6	1.895621	0.086107
113.1	1.880776	0.078618
113.6	1.866709	0.071337
114.1	1.853466	0.064950
114.6	1.841058	0.058591
115.1	1.829123	0.052260
115.6	1.817382	0.045956
116.1	1.805479	0.039680
116.6	1.792667	0.033503
117.1	1.780255	0.031640
117.6	1.769535	0.029786
118.2	1.759754	0.027940
118.7	1.750613	0.026102
119.2	1.741882	0.024272
119.7	1.733613	0.022941
120.2	1.725884	0.021625
120.8	1.718549	0.020315
121.3	1.711487	0.019010
121.8	1.704700	0.017978
122.4	1.698347	0.017231
122.9	1.692497	0.016486
123.4	1.687244	0.015745
124.0	1.682190	0.013826
124.5	1.676660	0.011427
125.1	1.670330	0.009037
125.6	1.663965	0.008738
126.2	1.658303	0.008544
126.7	1.653062	0.008351
127.3	1.648120	0.008158
127.8	1.643419	0.007966
128.4	1.638921	0.007775
129.0	1.634597	0.007585
129.5	1.630418	0.007396
130.1	1.626390	0.007279
130.7	1.622525	0.007171
131.2	1.618808	0.007064
131.8	1.615223	0.006958
132.4	1.611762	0.006851
133.0	1.608424	0.006746
133.6	1.605201	0.006619
134.2	1.602063	0.006439
134.7	1.598988	0.006260
135.3	1.595979	0.006082
135.9	1.593031	0.005904
136.5	1.590134	0.005725
137.1	1.587268	0.005547
137.7	1.584389	0.005380
138.3	1.581601	0.005527
138.9	1.579009	0.005673
139.5	1.576586	0.005819
140.2	1.574295	0.005851
140.8	1.572076	0.005798
141.4	1.569897	0.005664
142.0	1.567720	0.005460
142.6	1.565534	0.005258
143.3	1.563341	0.005056
143.9	1.561128	0.004881
144.5	1.558963	0.004884
145.2	1.556899	0.004887
145.8	1.554910	0.004890
146.4	1.552990	0.004893
147.1	1.551137	0.004881
147.7	1.549326	0.004813
148.4	1.547537	0.004744
149.0	1.545778	0.004677
149.7	1.544049	0.004609
150.3	1.542352	0.004542
151.0	1.540682	0.004475
151.7	1.539036	0.004409
152.3	1.537423	0.004378
153.0	1.535856	0.004348
153.7	1.534329	0.004318
154.3	1.532841	0.004289
155.0	1.531395	0.004259
155.7	1.529999	0.004229
156.4	1.528655	0.004169
157.1	1.527324	0.004018
157.8	1.525980	0.003868
158.5	1.524637	0.003718
159.1	1.523300	0.003569
159.8	1.521966	0.003421
160.5	1.520641	0.003289
161.3	1.519329	0.003161
162.0	1.518027	0.003033
162.7	1.516726	0.002906
163.4	1.515418	0.002795
164.1	1.514134	0.002762
164.8	1.512894	0.002729
165.5	1.511685	0.002697
166.3	1.510503	0.002665
167.0	1.509344	0.002633
167.7	1.508206	0.002601
168.5	1.507089	0.002569
169.2	1.505992	0.002537
170.0	1.504913	0.002506
170.7	1.503851	0.002475
171.4	1.502807	0.002443
172.2	1.501780	0.002412
173.0	1.500768	0.002381
173.7	1.499772	0.002350
174.5	1.498792	0.002320
175.2	1.497826	0.002289
176.0	1.496874	0.002257
176.8	1.495935	0.002226
177.6	1.495009	0.002195
178.3	1.494096	0.002164
179.1	1.493195	0.002133
179.9	1.492306	0.002103
180.7	1.491427	0.002072
181.5	1.490558	0.002041
182.3	1.489694	0.002011
183.1	1.488843	0.002000
183.9	1.488009	0.001990
184.7	1.487190	0.001980
185.5	1.486385	0.001970
186.3	1.485592	0.001960
187.1	1.484811	0.001950
187.9	1.484042	0.001941
188.8	1.483285	0.001930
189.6	1.482538	0.001921
190.5	1.481802	0.001912
191.3	1.481077	0.001902
192.1	1.480362	0.001893
193.0	1.479657	0.001883
193.8	1.478961	0.001873
194.7	1.478275	0.001864
195.5	1.477599	0.001855
196.4	1.476931	0.001846
197.2	1.476273	0.001837
198.1	1.475624	0.001827
199.0	1.474983	0.001818
199.9	1.474350	0.001809
200.7	1.473726	0.001800
201.6	1.473110	0.001791
202.5	1.472503	0.001783
203.4	1.471903	0.001774
204.3	1.471311	0.001766
205.2	1.470727	0.001757
206.1	1.470150	0.001748
207.0	1.469580	0.001739
207.9	1.469017	0.001731
208.8	1.468462	0.001723
209.7	1.467914	0.001714
210.6	1.467373	0.001706
211.6	1.466838	0.001697
212.5	1.466310	0.001690
213.4	1.465789	0.001681
214.4	1.465274	0.001673
215.3	1.464765	0.001665
216.3	1.464263	0.001657
217.2	1.463766	0.001649
218.2	1.463276	0.001640
219.1	1.462792	0.001633
220.1	1.462313	0.001625
221.0	1.461840	0.001617
222.0	1.461373	0.001609
223.0	1.460912	0.001602
224.0	1.460456	0.001594
224.9	1.460006	0.001586
225.9	1.459560	0.001579
226.9	1.459120	0.001571
227.9	1.458686	0.001563
228.9	1.458256	0.001555
229.9	1.457831	0.001549
230.9	1.457412	0.001541
232.0	1.456997	0.001534
233.0	1.456587	0.001526
234.0	1.456181	0.001519
235.0	1.455781	0.001512
236.1	1.455385	0.001504
237.1	1.454993	0.001498
238.1	1.454606	0.001490
239.2	1.454224	0.001483
240.2	1.453846	0.001476
241.3	1.453472	0.001469
242.3	1.453102	0.001462
243.4	1.452737	0.001455
244.5	1.452375	0.001448
245.5	1.452018	0.001442
246.6	1.451664	0.001434
247.7	1.451315	0.001428
248.8	1.450969	0.001421
249.9	1.450628	0.001414
251.0	1.450290	0.001407
252.1	1.449955	0.001401
253.2	1.449625	0.001395
254.3	1.449299	0.001387
255.4	1.448975	0.001381
256.5	1.448655	0.001375
257.7	1.448339	0.001368
258.8	1.448027	0.001361
259.9	1.447717	0.001355
261.1	1.447411	0.001349
262.2	1.447109	0.001343
263.4	1.446809	0.001336
264.5	1.446513	0.001330
265.7	1.446220	0.001324
266.9	1.445930	0.001318
268.0	1.445644	0.001312
269.2	1.445360	0.001305
270.4	1.445079	0.001299
271.6	1.444802	0.001293
272.8	1.444527	0.001287
274.0	1.444255	0.001281
275.2	1.443987	0.001276
276.4	1.443721	0.001269
277.6	1.443457	0.001263
278.8	1.443197	0.001257
280.0	1.442939	0.001252
281.3	1.442684	0.001246
282.5	1.442432	0.001240
283.7	1.442183	0.001234
285.0	1.441936	0.001229
286.2	1.441691	0.001222
287.5	1.441449	0.001217
288.7	1.441210	0.001211
290.0	1.440973	0.001206
291.3	1.440738	0.001200
292.6	1.440506	0.001195
293.8	1.440277	0.001189
295.1	1.440050	0.001184
296.4	1.439825	0.001178
297.7	1.439602	0.001173
299.0	1.439382	0.001168
300.4	1.439164	0.001162
301.7	1.438948	0.001157
303.0	1.438735	0.001151
304.3	1.438524	0.001145
305.7	1.438314	0.001140
307.0	1.438107	0.001135
308.4	1.437902	0.001130
309.7	1.437699	0.001125
311.1	1.437498	0.001119
312.4	1.437299	0.001114
313.8	1.437102	0.001109
315.2	1.436907	0.001104
316.6	1.436714	0.001099
318.0	1.436523	0.001094
319.4	1.436334	0.001089
320.8	1.436147	0.001084
322.2	1.435962	0.001079
323.6	1.435779	0.001074
325.0	1.435597	0.001069
326.4	1.435417	0.001064
327.9	1.435239	0.001059
329.3	1.435063	0.001054
330.7	1.434889	0.001050
332.2	1.434716	0.001045
333.7	1.434545	0.001040
335.1	1.434375	0.001035
336.6	1.434208	0.001030
338.1	1.434041	0.001026
339.5	1.433877	0.001022
341.0	1.433715	0.001017
342.5	1.433554	0.001013
344.0	1.433395	0.001008
345.5	1.433237	0.001003
347.1	1.433080	0.000999
348.6	1.432926	0.000994
350.1	1.432772	0.000990
351.7	1.432621	0.000985
353.2	1.432470	0.000980
354.8	1.432321	0.000976
356.3	1.432174	0.000971
357.9	1.432028	0.000967
359.4	1.431883	0.000963
361.0	1.431740	0.000958
362.6	1.431598	0.000954
364.2	1.431458	0.000949
365.8	1.431318	0.000945
367.4	1.431181	0.000942
369.0	1.431045	0.000937
370.6	1.430910	0.000933
372.3	1.430776	0.000929
373.9	1.430644	0.000924
375.5	1.430513	0.000920
377.2	1.430383	0.000916
378.8	1.430254	0.000912
380.5	1.430127	0.000907
382.2	1.430001	0.000903
383.9	1.429876	0.000899
385.5	1.429752	0.000895
387.2	1.429629	0.000892
389.0	1.429508	0.000888
390.6	1.429388	0.000883
392.4	1.429269	0.000879
394.1	1.429151	0.000875
395.8	1.429034	0.000871
397.5	1.428919	0.000867
399.3	1.428804	0.000863
401.0	1.428690	0.000859
402.8	1.428578	0.000855
404.6	1.428466	0.000852
406.3	1.428356	0.000848
408.1	1.428247	0.000844
409.9	1.428139	0.000840
411.7	1.428032	0.000837
413.5	1.427926	0.000833
415.3	1.427820	0.000829
417.2	1.427716	0.000825
419.0	1.427613	0.000821
420.8	1.427510	0.000818
422.7	1.427410	0.000815
424.5	1.427309	0.000811
426.4	1.427210	0.000807
428.3	1.427112	0.000803
430.2	1.427014	0.000800
432.0	1.426918	0.000796
433.9	1.426822	0.000792
435.8	1.426727	0.000789
437.8	1.426633	0.000786
439.7	1.426540	0.000782
441.6	1.426448	0.000779
443.6	1.426357	0.000775
445.5	1.426267	0.000771
447.5	1.426177	0.000768
449.4	1.426088	0.000764
451.4	1.426000	0.000761
453.4	1.425913	0.000758
455.4	1.425827	0.000755
457.4	1.425742	0.000751
459.4	1.425657	0.000748
461.4	1.425573	0.000744
463.4	1.425490	0.000741
465.4	1.425408	0.000737
467.5	1.425326	0.000735
469.5	1.425246	0.000731
471.6	1.425166	0.000728
473.7	1.425086	0.000725
475.8	1.425008	0.000721
477.8	1.424930	0.000718
479.9	1.424853	0.000715
482.0	1.424776	0.000711
484.2	1.424700	0.000709
486.3	1.424626	0.000706
488.4	1.424552	0.000702
490.6	1.424478	0.000699
492.7	1.424405	0.000696
494.9	1.424333	0.000693
497.1	1.424261	0.000689
499.2	1.424190	0.000687
501.4	1.424120	0.000684
503.6	1.424051	0.000681
505.8	1.423982	0.000678
508.1	1.423913	0.000674
510.3	1.423846	0.000671
512.5	1.423778	0.000668
514.8	1.423712	0.000665
517.0	1.423646	0.000663
519.3	1.423581	0.000660
521.6	1.423516	0.000657
523.9	1.423452	0.000654
526.2	1.423389	0.000651
528.5	1.423326	0.000648
530.8	1.423263	0.000645
533.1	1.423201	0.000643
535.5	1.423141	0.000640
537.8	1.423080	0.000637
540.2	1.423020	0.000634
542.6	1.422961	0.000631
544.9	1.422902	0.000628
547.3	1.422843	0.000625
549.7	1.422785	0.000622
552.2	1.422727	0.000620
554.6	1.422671	0.000617
557.0	1.422615	0.000614
559.5	1.422559	0.000611
561.9	1.422504	0.000609
564.4	1.422449	0.000606
566.9	1.422394	0.000603
569.3	1.422340	0.000601
571.8	1.422287	0.000598
574.4	1.422235	0.000596
576.9	1.422182	0.000593
579.4	1.422130	0.000590
581.9	1.422079	0.000587
584.5	1.422028	0.000585
587.1	1.421977	0.000583
589.7	1.421927	0.000580
592.2	1.421878	0.000577
594.8	1.421829	0.000575
597.5	1.421780	0.000572
600.1	1.421732	0.000569
602.7	1.421684	0.000567
605.4	1.421636	0.000564
608.0	1.421590	0.000562
610.7	1.421543	0.000560
613.4	1.421497	0.000557
616.0	1.421452	0.000555
618.8	1.421406	0.000552
621.5	1.421361	0.000549
624.2	1.421317	0.000547
626.9	1.421273	0.000545
629.7	1.421229	0.000543
632.5	1.421186	0.000540
635.2	1.421143	0.000538
638.0	1.421101	0.000535
640.8	1.421059	0.000533
643.6	1.421017	0.000530
646.5	1.420975	0.000528
649.3	1.420935	0.000526
652.2	1.420894	0.000524
655.0	1.420854	0.000521
657.9	1.420814	0.000519
660.8	1.420775	0.000516
663.7	1.420736	0.000514
666.6	1.420697	0.000512
669.5	1.420658	0.000510
672.5	1.420620	0.000508
675.4	1.420583	0.000505
678.4	1.420545	0.000503
681.4	1.420508	0.000501
684.3	1.420471	0.000498
687.3	1.420435	0.000496
690.4	1.420398	0.000494
693.4	1.420363	0.000492
696.4	1.420328	0.000490
699.5	1.420293	0.000488
702.6	1.420258	0.000486
705.7	1.420223	0.000483
708.8	1.420189	0.000481
711.9	1.420155	0.000479
715.0	1.420121	0.000477
718.1	1.420088	0.000475
721.3	1.420055	0.000473
724.4	1.420023	0.000471
727.6	1.419990	0.000469
730.8	1.419958	0.000466
734.0	1.419926	0.000464
737.3	1.419895	0.000462
740.5	1.419863	0.000460
743.7	1.419832	0.000459
747.0	1.419802	0.000457
750.3	1.419772	0.000455
753.6	1.419742	0.000452
756.9	1.419712	0.000450
760.2	1.419682	0.000448
763.5	1.419653	0.000446
766.9	1.419623	0.000444
770.3	1.419594	0.000443
773.6	1.419566	0.000441
777.0	1.419538	0.000439
780.5	1.419510	0.000437
783.9	1.419482	0.000435
787.3	1.419454	0.000433
790.8	1.419427	0.000431
794.2	1.419400	0.000429
797.7	1.419373	0.000428
801.2	1.419347	0.000426
804.8	1.419320	0.000424
808.3	1.419294	0.000422
811.8	1.419268	0.000420
815.4	1.419243	0.000418
819.0	1.419217	0.000416
822.6	1.419192	0.000414
826.2	1.419167	0.000412
829.8	1.419142	0.000411
833.5	1.419118	0.000409
837.1	1.419094	0.000407
840.8	1.419070	0.000405
844.5	1.419046	0.000403
848.2	1.419022	0.000401
851.9	1.418998	0.000400
855.6	1.418975	0.000398
859.4	1.418952	0.000396
863.2	1.418929	0.000395
866.9	1.418907	0.000393
870.8	1.418884	0.000391
874.6	1.418862	0.000389
878.4	1.418840	0.000388
882.3	1.418818	0.000386
886.2	1.418796	0.000384
890.1	1.418775	0.000382
894.0	1.418753	0.000381
897.9	1.418732	0.000380
901.8	1.418712	0.000378
905.8	1.418691	0.000376
909.8	1.418671	0.000374
913.8	1.418650	0.000373
917.8	1.418630	0.000371
921.8	1.418610	0.000369
925.8	1.418590	0.000367
929.9	1.418570	0.000366
934.0	1.418551	0.000365
938.1	1.418532	0.000363
942.2	1.418513	0.000361
946.3	1.418494	0.000360
950.5	1.418475	0.000358
954.7	1.418457	0.000356
958.9	1.418438	0.000355
963.1	1.418420	0.000353
967.3	1.418401	0.000351
971.5	1.418383	0.000351
975.8	1.418366	0.000349
980.1	1.418348	0.000347
984.4	1.418331	0.000346
988.7	1.418314	0.000344
993.1	1.418296	0.000343
997.4	1.418279	0.000341
1001.8	1.418262	0.000339
1006.2	1.418246	0.000338
1010.6	1.418229	0.000336
1015.0	1.418212	0.000336
1019.5	1.418196	0.000334
1024.0	1.418180	0.000333
1028.5	1.418164	0.000331
1033.0	1.418149	0.000329
1037.5	1.418133	0.000328
1042.1	1.418117	0.000326
1046.7	1.418102	0.000325
1051.2	1.418086	0.000323
1055.9	1.418071	0.000322
1060.5	1.418056	0.000321
1065.2	1.418041	0.000320
1069.8	1.418027	0.000318
1074.5	1.418012	0.000317
1079.2	1.417998	0.000315
1084.0	1.417983	0.000314
1088.7	1.417969	0.000312
1093.5	1.417955	0.000311
1098.3	1.417941	0.000309
1103.1	1.417927	0.000308
1108.0	1.417913	0.000306
1112.8	1.417899	0.000306
1117.7	1.417886	0.000305
1122.6	1.417872	0.000303
1127.6	1.417859	0.000302
1132.5	1.417846	0.000300
1137.5	1.417833	0.000299
1142.5	1.417820	0.000298
1147.5	1.417807	0.000296
1152.5	1.417795	0.000295
1157.6	1.417782	0.000293
1162.7	1.417769	0.000292
1167.8	1.417757	0.000292
1172.9	1.417745	0.000290
1178.1	1.417733	0.000289
1183.2	1.417721	0.000288
1188.4	1.417709	0.000286
1193.6	1.417697	0.000285
1198.9	1.417685	0.000284
1204.1	1.417674	0.000282
1209.4	1.417662	0.000281
1214.7	1.417650	0.000280
1220.1	1.417639	0.000278
1225.4	1.417628	0.000278
1230.8	1.417617	0.000277
1236.2	1.417606	0.000275
1241.6	1.417595	0.000274
1247.1	1.417584	0.000273
1252.6	1.417574	0.000271
1258.1	1.417563	0.000270
1263.6	1.417552	0.000269
1269.1	1.417542	0.000268
1274.7	1.417531	0.000266
1280.3	1.417521	0.000265
1285.9	1.417511	0.000264
1291.6	1.417500	0.000263
1297.2	1.417490	0.000262
1302.9	1.417481	0.000261
1308.6	1.417471	0.000260
1314.4	1.417461	0.000259
1320.2	1.417452	0.000258
1326.0	1.417442	0.000256
1331.8	1.417433	0.000255
1337.6	1.417423	0.000254
1343.5	1.417414	0.000253
1349.4	1.417405	0.000252
1355.3	1.417395	0.000250
1361.3	1.417386	0.000249
1367.2	1.417377	0.000249
1373.2	1.417368	0.000248
1379.3	1.417360	0.000247
1385.3	1.417351	0.000246
1391.4	1.417342	0.000244
1397.5	1.417334	0.000243
1403.7	1.417325	0.000242
1409.8	1.417317	0.000241
1416.0	1.417308	0.000240
1422.2	1.417300	0.000239
1428.5	1.417292	0.000238
1434.7	1.417283	0.000236
1441.0	1.417275	0.000235
1447.4	1.417267	0.000235
1453.7	1.417259	0.000234
1460.1	1.417251	0.000233
1466.5	1.417244	0.000232
1472.9	1.417236	0.000231
1479.4	1.417228	0.000230
1485.9	1.417221	0.000229
1492.4	1.417213	0.000228
1499.0	1.417206	0.000227
1505.5	1.417198	0.000225
1512.2	1.417191	0.000224
1518.8	1.417184	0.000223
1525.5	1.417176	0.000222
1532.2	1.417169	0.000221
1538.9	1.417162	0.000221
1545.6	1.417155	0.000220
1552.4	1.417148	0.000219
1559.3	1.417141	0.000218
1566.1	1.417134	0.000217
1573.0	1.417128	0.000216
1579.9	1.417121	0.000215
1586.8	1.417114	0.000214
1593.8	1.417108	0.000213
1600.8	1.417101	0.000212
1607.8	1.417095	0.000211
1614.8	1.417088	0.000210
1621.9	1.417081	0.000209
1629.1	1.417075	0.000208
1636.2	1.417069	0.000208
1643.4	1.417063	0.000207
1650.6	1.417057	0.000206
1657.9	1.417051	0.000205
1665.1	1.417045	0.000204
1672.5	1.417039	0.000203
1679.8	1.417033	0.000202
1687.2	1.417027	0.000201
1694.6	1.417021	0.000200
1702.0	1.417015	0.000200
1709.5	1.417009	0.000199
1717.0	1.417004	0.000198
1724.5	1.416998	0.000197
1732.1	1.416992	0.000196
1739.7	1.416987	0.000195
1747.3	1.416981	0.000194
1755.0	1.416975	0.000194
1762.7	1.416970	0.000193
1770.4	1.416965	0.000192
1778.2	1.416960	0.000191
1786.0	1.416955	0.000190
1793.9	1.416950	0.000190
1801.7	1.416944	0.000189
1809.7	1.416939	0.000188
1817.6	1.416934	0.000187
1825.6	1.416929	0.000186
1833.6	1.416924	0.000185
1841.6	1.416919	0.000184
1849.7	1.416914	0.000183
1857.8	1.416909	0.000183
1866.0	1.416904	0.000182
1874.2	1.416900	0.000181
1882.4	1.416895	0.000180
1890.7	1.416890	0.000180
1899.0	1.416885	0.000179
1907.3	1.416881	0.000178
1915.7	1.416877	0.000178
1924.1	1.416872	0.000177
1932.5	1.416868	0.000176
1941.0	1.416863	0.000175
1949.5	1.416859	0.000174
1958.1	1.416854	0.000173
1966.7	1.416850	0.000173
1975.3	1.416846	0.000172
1984.0	1.416842	0.000171
1992.7	1.416837	0.000170
2001.5	1.416833	0.000169