330 0.04936621
340 0.28731801
350 0.4329327
360 0.47691641
370 0.594969
380 0.54394019
390 0.57890238
400 0.57597208
410 0.63763923
420 0.61484888
430 0.62109361
440 0.66542042
450 0.67618306
460 0.6688104
470 0.69955151
480 0.69988215
490 0.74438445
500 0.7499454
510 0.76260333
520 0.74795338
530 0.7684635
540 0.75900387
550 0.76630825
560 0.76865349
570 0.74924833
580 0.75482841
590 0.75728593
600 0.73109508
610 0.73941368
620 0.740176
630 0.72086037
640 0.72057654
650 0.71053994
660 0.69689688
670 0.68634564
680 0.68425786
690 0.67280292
700 0.6769616
710 0.66415714
720 0.67561983
730 0.66418063
740 0.66006903
750 0.64743423
760 0.6131558
770 0.53978376
780 0.35614389
790 0.12927673
800 0.02676235
810 0.00712708
820 0.00222724
830 0.00086605
840 0.00056866
850 0.00052189
